filename	part1/1.tex	part1/2.tex	part1/3.tex	part1/4.tex	part1/5.tex	part1/6.tex	part1/7.tex	part1/8.tex	part2/1.tex	part2/2.tex	part2/3.tex	part2/4.tex	part2/5.tex	part2/6.tex	part2/7.tex	part2/8.tex	part2/9.tex	part3/1.tex	part3/2.tex	part3/3.tex	part3/4.tex	part3/5.tex	part3/6.tex	other/foreword.tex	other/appendix.tex	other/afterword.tex
啞					54												27	83	50		29		18			
詏							5								10											
𤈝						6			18		6															
揞																		52								
罯																		8				19				
啪	2									2						5	92									
𢳂		40							25						9											
俾	2	3	1	1	22	7	2	1	11	1	5	50	3		2	1	0	4	0	2	2	0	4		1	
畀	13	12		1	34	7	6	8	20	2	8	1	2	1	9	2	4	4	3	6	1	6	4		2	
屛	32	40	2								38			14			25	78								
邊	1	0	2	0	0	3	2	0	1	0	1	0	1	1	6	1	1	0	0	11	3	0	2		8	
滮	6				31														59							
駁	28			10			10	18		35	38						55		3		16					
煲	1	5			54		2	0				1														
埲	1	3			0	1		71	23			47	3			5	92	0	2		5	10	1			
𥋇	0					17											103		0	71	3					
𩟔									19																	
皺	11	1			40		9			60							106		88	65						
縐																										
昨																										
親	14		12	23		10			1	1	25	45	1				51		27	18	20		40			
羞	45											34						57	3	34						
湊		24															77		10							
誃																2										
憡	11							97																		
除	4	3	2	21	22		5	5	18	14	11	34	1	6	13	54	14	0	14	22	3		12		1	2
膥								2	20	21																
徹																							40			
𡍲																										
詆																										
抌	20	15		1			16	29	17	45		39		14			23	5								
𨂽	33								14			3						38			23					
髧							2											5								
侹	29				34													49								
𦖿	5														24	3		77								
腯																	77	62	3							
鬭																										
地	1	2	2	0	0	1	2	2	11	0	0	2	0	2	7	1	4	1	0	1	1	0	0		1	11
㨃																	100									
尐	0	0	2	0	0	1	0	1	1	0	1	0	0	4	0	2	0	2	0	1	1	0	0	3	0	
𦉹																										
點	0	5	3	1	11	8	1	8	14	0	2	1	1	15	9	5	1	0	0	2	2	24	0		6	
掂		8	20	8		11	13	49	22	14		12				70	67					25				
𠶧																										9
㼭																					18		13		3	
定	0	9	1	10	14	10	1	1	2	2	2	12	4	5	6	14	12	4	1	8	2	16	13		4	
斫																										
啄	19																	18								
戙	5				36			89	21														8			
返	10	2	3	8	7		9	0	9	8	0	6	0		8	19	0	4	3	7	4		3		19	
困	14	34	6		54		7	1	19	1	7	34	4		0	9	5	45	0	1	3				11	
匢							14			30		47						62	110	68						
拋		9																								2
瀈	31																									
𠌸	29	7	5			2			24	12		34					95		2	69						2
今	12	3	2	4	2	17	2	1	14	3	4	11	6	6	12	9	1	4	3	0	2	8	2		3	11
鹼	2	39			54															20	14					
鎅																										
欬	23			26	11			2		9	5	35	5	3	26	17		14	17		3					
感	0	2	1	7	4	3	2	0	3	0	2	2	1	1	0	2	0	2	2	1	0	7	3	2	5	4
感	0	2	1	7	4	3	2	0	3	0	2	2	1	1	0	2	0	2	2	1	0	7	3	2	5	4
緊	0	0	2	11	2	3	2	1	1	1	1	7	1	1	2	1	1	4	0	13	4	1	0		17	
𥄫	3				63			20							12											
戟			21					101																		
趷					0				23									41								
匛	10	9		9	14	11		9	53	21		17	6		2		23	2		70	2					
己	1	0	1	0	0	1	0	0	1	0	0	0	0	0	1	1	0	0	0	0	0	0	0	0	1	3
篋	13					3																				
䯊			24	12	36		21										1	2		1	4		4			
箇	1	3	3	2	1	1	2	1	1	1	1	2	0	1	6	1	2	1	1	1	1	10	4		1	
焅													1													
瓜								72				34								68						
啩			10		9						3	54	17						80							
屈			24				7	63								55	24	67	50	17	3	15			7	
瓹	20								39								25									
蝦			2		54			19		1		3	5						3	76		16				
鞋	2		1		5		9		53		2	5					77	18	11				4			
喊	20		11				2	100				5			10			43	3	36			38			
喺	1	0	2	1	11	1	0	0	2	1	1	0	0	1	2	1	1	0	0	1	1	0	1		2	
恨	1		3	13	39				18	33	24	6	1				2	56	123	34	24		4			
痕	18	3	6		61		6									49			11	65	24		13			
噓	26								53				21													
向	1	21	2	12	35	8	21	1	11	1	27	6	3	10	10	5	1	4	2	31	34	1	2		1	
䠻				12	19			22			29								98	14	28					
踹										2										34						
幼	19		3	16			10			3							3									
也	3	5	3	8	2	2	5	1	5	6	5	6	3	2	0	2	1	1	2	2	3	3	2		13	
衒																										
擪						13																				
瘀										1								24			4					
篢	5			1			20	8		52	5				9		14	18				1		0		
徛	2	1	4		36	1	1	2	9	9	6	47		12	10	1	32	41	0	61	4	21	4			
佢	1	0	0	0	2	1	1	1	1	0	1	1	0	0	0	1	0	0	0	1	0	0	1		1	11
棘									24																	
搴				1													8		31				4			
謦	23			26	11			2		9	2	12	0	3		17		14	17		3					
巧	1			13				40		42		31					24		28							
丩																										
揦	2											39	6				2									
罅				1	54						6									68						12
孻								11																		
躝								58				64			13											
讕										42																
冧		35			54	14		9		3																
笠															12											
𠞉	14	3	5		41		1	51	20	12	13	13	4				3	5	105	63		21	12			
留	5	7	10	10	34	8	5	1	37	29	2	28	5	11	7	20	1	4	1	7	3	16	2		5	
摟							7	51					5		13	2	106		0							
嘍					43																					
㔹				16					19	19	5						24	43								
𦧷																	101									
令	2	7	3	6	12	2	7	41	2	1	7	0	2	2	2	18	1	34	0	14	6		2		2	6
遴																										
伶	24	37									38	28			18											
炩																		0								
𨋢	1				54											2										
結	6	29		23		6	5	84	25		12		6	16		9	12		72	1		19	41		14	0
囉			13		43			32			19							6	33	43						
攞	10	34		0	0	8	2	30	12	1	46	2	5	12	9	3	4	71	2	34						
𦧲						6		25							9			8								
浪	29				22											20	25									
𢲲																	14									
僗	20	6	2		36	3	5	2	18			5	2		2	35	14	49	36	34			33			
轆	20		16									39			0		22	1	2	76						
竉	20			1	0	14	21		17			31		14			14	18	31				4			
毋	0	0	2	0	0	1	1	0	1	1	1	3	0	2	3	1	0	0	0	1	3	1	0	3	2	11
麼											5						45	1					4			
埋	4	0	2	0	6	2	2	2	1	1	1	1	1	2	0	2	0	0	0	0	1	5	3		2	
擘						18			53	3		47	9		15		0	41	1	68	3					
挽	23	21	5	8			2			14	34		2				57	50	3	1						
䒐 																										
物	3	5	2	8	9	2	2	1	7	10	4	14	5	6	0	2	3	2	2	6	2	0	2		4	
勿										34	45	44						3	99	34	31					11
𠍁																										
貓		7							40			23						75					30			
乜	29			13															14	65						
剝								41			23		4				22			69	1				21	
無	1	9	1	8	2	1	0	0	5	1	1	0	0	6	2	2	1	0	1	1	1	0	2		2	11
乸	2		22		36			5	1	27	43	50				53	0	2		34	1		22		2	
恁	4	2	1	11	20	3	1	2	14	6	0	6	5	3	12	2	0	2	15	2	2	13	3		2	
㘨								18																		
惱	26			21	54					27					9		3	29		47			2			
匿				1				102		15		12	5			64	1		98							
寧		9						55		42	37								50	8	23		6			
瓦	5						7	2							9		27									
掗								71											139							
齧								1									0	55				16				
啱	6	5	12	2	1	3	17	2	11	3	7	31	5		29		0	0	10	30	0	7	25		9	9
研																										
𢯎	18						6																			
𠱓	30	2																								
吟	33			13	31			27	25	38									59			17				
䟴																		34								
䛅	4	26	5		31			31	14			7	6		28	5	6		17				22			0
砐												53				74										
怐					64																		30			0
𠵌				13				27	25																	
𩓥			2							14						1		28		77			1			
𠱘																		6					4			
爾	5	3	2	1	12	2	2	1	14	6	9	2	5	6	3	2	2	4	1	26	3	0	2	0	2	
䇑																										
辟					14				18			14					32									2
平	1	3	11	24	54	6	5	5	39		8	6	3		9		3	5	99	13		15	1		11	
樖									46	3																
浮		23	24	20			26	0	39	33	5	2	1				17		5	20			4			
𥕶					65					2							24			2						
澌	2	3	10	10	0		2	1	2	3	6	7	4		6	12	0	3	9	8	13	20	0		3	
惜					63		8			0	4		6						103				14			
閃	20		21				7	6	38			0				18	20		17							
𤗈							17	69	11			12		1			3	2	106			20				
瀡																		5					38			
睇	1	0	2	14	8	3	2	1	1	3	6	14	0	3	23	3	1	45	6	2	6	4	1	0	10	3
𧨾	28																44									
涔																										
𨆐												26				2	35	18	104	16						13
㪗	1		11	0		4	21	8	15	42			6				6	15	2			13	8			
天	2	3	2		53		1	1	38	1	13	3	1	16	2		1	0	1	17	12		12			
軵				15	14	11	21	19	39	3	4	12	2		6	51	12	4			34		13			
搵	24	9	12	1	4		19	56	20	18	2	6	6	15		70	14	33	78						10	
𠌥		7	6														106	7	76							
𨋍																		1								
齋	35				59		5	49									54			17						
斬	30		2		16					8	5					5							25			
㬹			21						40			33						15	2							
子	1	9	4	5	0	1	2	2	1	0	4	0	1		2	2	0	4	2	34	1	1	40		13	0
掣	2															81	5			59		19				
䎺																										
滯	33	3	3	24	4	10	15	96			5	34	7				4	43			3		34			
陣	1	5	10	22	0	6	2	0	5	42	7	14			6	5	3	4	1	8	21	2	3		18	
䒏																										
挃	20	21		9					20							81		1	99			23			9	
啫	28	4	17	11	22			40	5		5	34	6	4	13		69	6	75	17			18			
精	20	23			14		9		46	42	38	1			8		81		2	54			1	2	9	
漬		39																	103	68						
擳											29						0	2								
剩	5	3	11	8	29	10	1	17	10	14	5	35	5		18	2	0	4	2	13	1	1	2		2	
著	0	0	1	0	2	6	1	0	0	1	1	0	0	0	1	1	0	0	1	1	0	2	0	0	2	
䁓																										
舂			24						39								102	62								
重	2	0	2	10	2	3	2	17	2	3	1	3	1	8	2	2	1	1	2	1	1	0	7		8	11
䏭																	14		72	14	24	19				
住	0	3	1	1	7	2	2	1	15	1	1	3	3	14	1	1	0	0	0	1	3	1	0		15	
蛬																										

	7	0	0	0	0	0	0	0	0	0	0	0	0	0	0	0	0	0	0	0	0	0	0	0	0	0
